{
 "cells": [
  {
   "cell_type": "markdown",
   "metadata": {
    "collapsed": true
   },
   "source": [
    "# Guided Project: Predicting Bike Rentals"
   ]
  },
  {
   "cell_type": "markdown",
   "metadata": {},
   "source": [
    "We will analyse data from Washington, D.C. communal bike sharing stations where you can rent bicycles by the hour or day. The District collects detailed data on the number of bicycles people rent by the hour and day. Each row represents the number of bike rentals for a single hour of a single day."
   ]
  },
  {
   "cell_type": "code",
   "execution_count": 2,
   "metadata": {
    "collapsed": true
   },
   "outputs": [],
   "source": [
    "import pandas as pd"
   ]
  },
  {
   "cell_type": "code",
   "execution_count": 3,
   "metadata": {
    "collapsed": true
   },
   "outputs": [],
   "source": [
    "bike_rentals = pd.read_csv(\"bike_rental_hour.csv\")"
   ]
  },
  {
   "cell_type": "code",
   "execution_count": 4,
   "metadata": {
    "collapsed": false
   },
   "outputs": [
    {
     "data": {
      "text/html": [
       "<div>\n",
       "<style scoped>\n",
       "    .dataframe tbody tr th:only-of-type {\n",
       "        vertical-align: middle;\n",
       "    }\n",
       "\n",
       "    .dataframe tbody tr th {\n",
       "        vertical-align: top;\n",
       "    }\n",
       "\n",
       "    .dataframe thead th {\n",
       "        text-align: right;\n",
       "    }\n",
       "</style>\n",
       "<table border=\"1\" class=\"dataframe\">\n",
       "  <thead>\n",
       "    <tr style=\"text-align: right;\">\n",
       "      <th></th>\n",
       "      <th>instant</th>\n",
       "      <th>dteday</th>\n",
       "      <th>season</th>\n",
       "      <th>yr</th>\n",
       "      <th>mnth</th>\n",
       "      <th>hr</th>\n",
       "      <th>holiday</th>\n",
       "      <th>weekday</th>\n",
       "      <th>workingday</th>\n",
       "      <th>weathersit</th>\n",
       "      <th>temp</th>\n",
       "      <th>atemp</th>\n",
       "      <th>hum</th>\n",
       "      <th>windspeed</th>\n",
       "      <th>casual</th>\n",
       "      <th>registered</th>\n",
       "      <th>cnt</th>\n",
       "    </tr>\n",
       "  </thead>\n",
       "  <tbody>\n",
       "    <tr>\n",
       "      <th>0</th>\n",
       "      <td>1</td>\n",
       "      <td>2011-01-01</td>\n",
       "      <td>1</td>\n",
       "      <td>0</td>\n",
       "      <td>1</td>\n",
       "      <td>0</td>\n",
       "      <td>0</td>\n",
       "      <td>6</td>\n",
       "      <td>0</td>\n",
       "      <td>1</td>\n",
       "      <td>0.24</td>\n",
       "      <td>0.2879</td>\n",
       "      <td>0.81</td>\n",
       "      <td>0.0</td>\n",
       "      <td>3</td>\n",
       "      <td>13</td>\n",
       "      <td>16</td>\n",
       "    </tr>\n",
       "    <tr>\n",
       "      <th>1</th>\n",
       "      <td>2</td>\n",
       "      <td>2011-01-01</td>\n",
       "      <td>1</td>\n",
       "      <td>0</td>\n",
       "      <td>1</td>\n",
       "      <td>1</td>\n",
       "      <td>0</td>\n",
       "      <td>6</td>\n",
       "      <td>0</td>\n",
       "      <td>1</td>\n",
       "      <td>0.22</td>\n",
       "      <td>0.2727</td>\n",
       "      <td>0.80</td>\n",
       "      <td>0.0</td>\n",
       "      <td>8</td>\n",
       "      <td>32</td>\n",
       "      <td>40</td>\n",
       "    </tr>\n",
       "    <tr>\n",
       "      <th>2</th>\n",
       "      <td>3</td>\n",
       "      <td>2011-01-01</td>\n",
       "      <td>1</td>\n",
       "      <td>0</td>\n",
       "      <td>1</td>\n",
       "      <td>2</td>\n",
       "      <td>0</td>\n",
       "      <td>6</td>\n",
       "      <td>0</td>\n",
       "      <td>1</td>\n",
       "      <td>0.22</td>\n",
       "      <td>0.2727</td>\n",
       "      <td>0.80</td>\n",
       "      <td>0.0</td>\n",
       "      <td>5</td>\n",
       "      <td>27</td>\n",
       "      <td>32</td>\n",
       "    </tr>\n",
       "  </tbody>\n",
       "</table>\n",
       "</div>"
      ],
      "text/plain": [
       "   instant      dteday  season  yr  mnth  hr  holiday  weekday  workingday  \\\n",
       "0        1  2011-01-01       1   0     1   0        0        6           0   \n",
       "1        2  2011-01-01       1   0     1   1        0        6           0   \n",
       "2        3  2011-01-01       1   0     1   2        0        6           0   \n",
       "\n",
       "   weathersit  temp   atemp   hum  windspeed  casual  registered  cnt  \n",
       "0           1  0.24  0.2879  0.81        0.0       3          13   16  \n",
       "1           1  0.22  0.2727  0.80        0.0       8          32   40  \n",
       "2           1  0.22  0.2727  0.80        0.0       5          27   32  "
      ]
     },
     "execution_count": 4,
     "metadata": {},
     "output_type": "execute_result"
    }
   ],
   "source": [
    "bike_rentals.head(3)"
   ]
  },
  {
   "cell_type": "code",
   "execution_count": 5,
   "metadata": {
    "collapsed": false
   },
   "outputs": [
    {
     "data": {
      "image/png": "iVBORw0KGgoAAAANSUhEUgAAAZYAAAEACAYAAACQx1DIAAAABHNCSVQICAgIfAhkiAAAAAlwSFlz\nAAALEgAACxIB0t1+/AAAH1VJREFUeJzt3X9wVNX9//HnaqJTpWyxll3djYk/NjGLRECyOlPrJxND\nQtMhEYUUoST4o1poFagdf7R/lHQ6bKgztjCEP2qJAcchTWcsxK9GouC2FpUVgz9GIjElaLJ1E5UY\noxAD5Hz/iNxCFdjg3Wx+vB4zO5N7smfv+54Jvjzn/liHMcYgIiJik7MSXYCIiIwuChYREbGVgkVE\nRGylYBEREVspWERExFYKFhERsVVcg6W5uZmpU6cybdo0pk6ditPpZM2aNXR1dZGfn09GRgYFBQV0\nd3dbfYLBID6fj8zMTBoaGqz2xsZGsrKySE9PZ9myZfEsW0REvgHHUN3H0t/fj9frZefOnaxdu5bv\nfve73H///axatYquri4qKirYs2cPCxYs4NVXX6W9vZ28vDzeffddHA4H1157LWvXriU7O5vCwkKW\nLl1KQUHBUJQuIiKDMGRLYc8//zyXX345KSkpbNmyhbKyMgDKysrYvHkzAHV1dcybN4+kpCTS0tLw\n+XyEw2Gi0Sg9PT1kZ2cDUFpaavUREZHhZciC5a9//Svz588HoKOjA5fLBYDb7aazsxOASCRCSkqK\n1cfj8RCJRIhEIni9Xqvd6/USiUSGqnQRERmEIQmWw4cPU1dXx9y5cwFwOBwn/P5/t0VEZORKGoqd\n1NfXc80113DhhRcC4HK5rFlLNBpl4sSJwMAMpa2tzerX3t6Ox+M5afvXUUiJiJwZu065D8mMZdOm\nTdx6663WdlFREdXV1QBs2LCB4uJiq72mpoa+vj5aW1tpaWkhEAjgdrtxOp2Ew2GMMWzcuNHq8/VM\nwl5OZzY7d+7EGJPw129/+9uE1zBcXhoLjYXG4tQvO8V9xnLw4EGef/55/vznP1ttDzzwACUlJVRV\nVZGamkptbS0Afr+fkpIS/H4/ycnJrFu3zpqBVFZWsmjRInp7eyksLGTmzJnxLl1ERM5A3IPlvPPO\n48MPPzyh7YILLuD555//2vc/9NBDPPTQQ19pv+aaa3jrrbfiUqOIiNhHd96PYjk5OYkuYdjQWPyX\nxuK/NBbxMWQ3SA6VgaWzxB2S0xmgoWEtgUAgYTWIiAyWw+Gw7VyLZiwiImIrBYuIiNhKwSIiIrZS\nsIiIiK0ULCIiYisFi4iI2ErBIiIitlKwiIiIrRQsIiJiKwWLiIjYSsEiIiK2UrCIiIitFCwiImIr\nBYuIiNhKwSIiIrZSsIiIiK0ULCIiYisFi4iI2ErBIiIitlKwiIiIrRQsIiJiq7gHS3d3N3PnziUz\nM5NJkyaxc+dOurq6yM/PJyMjg4KCArq7u633B4NBfD4fmZmZNDQ0WO2NjY1kZWWRnp7OsmXL4l22\niIicobgHy9KlSyksLKSpqYk33niDK6+8koqKCvLy8ti7dy+5ubkEg0EA9uzZQ21tLU1NTdTX17Nk\nyRKMMQAsXryY9evX09zcTHNzM1u3bo136SIicgbiGiyffvopL774IrfddhsASUlJOJ1OtmzZQllZ\nGQBlZWVs3rwZgLq6OubNm0dSUhJpaWn4fD7C4TDRaJSenh6ys7MBKC0ttfqIiMjwEtdgaW1t5cIL\nL+S2225j2rRp3HXXXRw8eJCOjg5cLhcAbrebzs5OACKRCCkpKVZ/j8dDJBIhEong9Xqtdq/XSyQS\niWfpIiJyhpLi+eFHjhyhsbGRyspKpk+fzvLly6moqMDhcJzwvv/d/uZWHPdzzpcvERE5JhQKEQqF\n4vLZcQ0Wr9dLSkoK06dPB+CWW26hoqICl8tlzVqi0SgTJ04EBmYobW1tVv/29nY8Hs9J209uRTwO\nR0Rk1MjJySEnJ8faLi8vt+2z47oU5nK5SElJobm5GYBt27YxadIkioqKqK6uBmDDhg0UFxcDUFRU\nRE1NDX19fbS2ttLS0kIgEMDtduN0OgmHwxhj2Lhxo9VHRESGl7jOWADWrFnDggULOHz4MJdddhmP\nPfYYR48epaSkhKqqKlJTU6mtrQXA7/dTUlKC3+8nOTmZdevWWctklZWVLFq0iN7eXgoLC5k5c2a8\nSxcRkTPgMMeu5x0lBoIocYfkdAZoaFhLIBBIWA0iIoPlcDiwKw50572IiNhKwSIiIrZSsIiIiK0U\nLCIiYisFi4iI2ErBIiIitlKwiIiIrRQsIiJiKwWLiIjYSsEiIiK2UrCIiIitFCwiImIrBYuIiNhK\nwSIiIrZSsIiIiK0ULCIiYisFi4iI2ErBIiIitlKwiIiIrRQsIiJiKwWLiIjYSsEiIiK2UrCIiIit\n4h4saWlpXH311UydOpVAIABAV1cX+fn5ZGRkUFBQQHd3t/X+YDCIz+cjMzOThoYGq72xsZGsrCzS\n09NZtmxZvMsWEZEzFPdgOeusswiFQuzevZtwOAxARUUFeXl57N27l9zcXILBIAB79uyhtraWpqYm\n6uvrWbJkCcYYABYvXsz69etpbm6mubmZrVu3xrt0ERE5A3EPFmMM/f39J7Rt2bKFsrIyAMrKyti8\neTMAdXV1zJs3j6SkJNLS0vD5fITDYaLRKD09PWRnZwNQWlpq9RERkeEl7sHicDiYMWMG2dnZ/OUv\nfwGgo6MDl8sFgNvtprOzE4BIJEJKSorV1+PxEIlEiEQieL1eq93r9RKJROJduoiInIGkeO9gx44d\nXHTRRXz44YfWeRWHw3HCe/53+5tbcdzPOV++RETkmFAoRCgUistnxz1YLrroIgC+973vcdNNNxEO\nh3G5XNasJRqNMnHiRGBghtLW1mb1bW9vx+PxnLT95FbE41BEREaNnJwccnJyrO3y8nLbPjuuS2EH\nDx7ks88+A+Dzzz+noaGByZMnU1RURHV1NQAbNmyguLgYgKKiImpqaujr66O1tZWWlhYCgQButxun\n00k4HMYYw8aNG60+IiIyvMR1xtLR0cHs2bNxOBwcOXKEBQsWkJ+fz/Tp0ykpKaGqqorU1FRqa2sB\n8Pv9lJSU4Pf7SU5OZt26ddYyWWVlJYsWLaK3t5fCwkJmzpwZz9JFROQMOcyx63lHiYEgStwhOZ0B\nGhrWWvfsiIiMBA6HA7viQHfei4iIrRQsIiJiKwWLiIjYSsEiIiK2UrCIiIitFCwiImIrBYuIiNhK\nwSIiIrZSsIiIiK0ULCIiYisFi4iI2ErBIiIitlKwiIiIrRQsIiJiKwWLiIjYSsEiIiK2UrCIiIit\nFCwiImIrBYuIiNgqpmB566234l2HiIiMEjEFy5IlSwgEAqxbt47u7u541yQiIiNYTMHy4osv8sQT\nT9DW1sY111zD/Pnzee655+Jdm4iIjEAxn2Px+Xz8/ve/Z9WqVfzjH//g3nvv5corr+TJJ5+MZ30i\nIjLCxBQsb775JsuXLyczM5Pt27fz1FNP0dTUxPbt21m+fPlp+/f39zNt2jSKiooA6OrqIj8/n4yM\nDAoKCk5YXgsGg/h8PjIzM2loaLDaGxsbycrKIj09nWXLlg32OEVEZIjEFCz33HMP06ZN44033qCy\nspJp06YBcPHFF/P73//+tP1Xr16N3++3tisqKsjLy2Pv3r3k5uYSDAYB2LNnD7W1tTQ1NVFfX8+S\nJUswxgCwePFi1q9fT3NzM83NzWzdunXQBysiIvEXU7A8/fTTzJ8/n29961vAwAzk4MGDACxcuPCU\nfdvb23nmmWe48847rbYtW7ZQVlYGQFlZGZs3bwagrq6OefPmkZSURFpaGj6fj3A4TDQapaenh+zs\nbABKS0utPiIiMrzEFCx5eXkcOnTI2j548CB5eXkx7WD58uU8/PDDOBwOq62jowOXywWA2+2ms7MT\ngEgkQkpKivU+j8dDJBIhEong9Xqtdq/XSyQSiWn/IiIytJJieVNvby/jxo2ztseNG2fNWE7l6aef\nxuVyMWXKFEKh0Enfd3zo2GPFcT/nfPkSEZFjQqHQKf+7/E3EFCznn38+jY2N1rmV1157zVoWO5Ud\nO3ZQV1fHM888w6FDh+jp6WHhwoW43W5r1hKNRpk4cSIwMENpa2uz+re3t+PxeE7afnIrYjksEZEx\nKycnh5ycHGu7vLzcts+OaSnsT3/6E3PnzuUHP/gB119/PT/+8Y9Zu3btafutXLmS999/n3379lFT\nU0Nubi6PP/44s2bNorq6GoANGzZQXFwMQFFRETU1NfT19dHa2kpLSwuBQAC3243T6SQcDmOMYePG\njVYfEREZXmKasWRnZ/POO++wd+9eADIyMkhOTj7jnT744IOUlJRQVVVFamoqtbW1APj9fkpKSvD7\n/SQnJ7Nu3TprmayyspJFixbR29tLYWEhM2fOPOP9i4hI/DjMset5T+Oll15i//79HDlyxGorLS2N\nW2FnaiCIYjqkuHA6AzQ0rCUQCCSsBhGRwXI4HMQYB6cV04xl4cKF/Pvf/2bKlCmcffbZVhHDMVhE\nRCSxYgqWXbt2sWfPnjhcvSUiIqNNTCfvr7rqKqLRaLxrERGRUSCmGctHH32E3+8nEAhw7rnnWu11\ndXVxK0xEREammIJlxYoVcS5DRERGi5ivCnvvvfd49913ycvL4+DBgxw9epRvf/vb8a5v0IbDVWFn\nnx3hwIH/JKwGlyuVaHR/wvYvIiOPnVeFxXSO5dFHH2XOnDncfffdwMAzvW666SZbChiNBkLFJOzV\n0fHeEByliMjXiylYKisr2bFjB+PHjwcGvvTr2IMjRUREjhdTsJx77rmcc8451vaRI0d06bGIiHyt\nmILl//7v/1i5ciWHDh3iueeeY+7cucyaNSvetYmIyAgU08n7/v5+1q9fT0NDA8YYCgoKuPPOO4fl\nrGU4nLzv7n41oTWAfSfhRGRssPPkfcxXhY0UChZQsIjIYA35s8IuvfTSr52d7Nu3z5YiRERk9Ij5\nWWHH9Pb28re//Y0DBw7ErSgRERm5zngp7JprruG1116zu55vTEthoKUwERmsIV8Ka2xstH7u7+9n\n165dJ3wvi4iIyDExBct999333w5JSaSlpVnf+igiInI8XRVmMy2FichINORLYY888sgpf//LX/7S\nlmJERGTki/mqsFdffZWioiIAnnrqKQKBAD6fL67FiYjIyBPTUtgNN9zA008/bT0mv6enhx/96Ef8\n85//jHuBg6WlMNBSmIgM1pA/Nr+jo+OEh1Cec845dHR02FKAiIiMLjEthZWWlhIIBJg9ezYAmzdv\npqysLK6FiYjIyBTTjOU3v/kNjz32GBMmTGDChAk89thj/PrXvz5tvy+++IJrr72WqVOnMmnSJKtP\nV1cX+fn5ZGRkUFBQQHd3t9UnGAzi8/nIzMykoaHBam9sbCQrK4v09HSWLVs22OMUEZEhElOwABw8\neJDx48ezdOlSvF4vra2tp+1z7rnn8sILL7B7927efPNNtm/fzo4dO6ioqCAvL4+9e/eSm5tLMBgE\nYM+ePdTW1tLU1ER9fT1Lliyx1vwWL17M+vXraW5uprm5ma1bt57hIYuISDzFFCzl5eWsWrXKCoDD\nhw/zk5/8JKYdnHfeecDA7KW/v58JEyawZcsWaymtrKyMzZs3A1BXV8e8efOsmzB9Ph/hcJhoNEpP\nTw/Z2dnAwNLcsT4iIjK8xBQsf//736mrq+P8888H4OKLL6anpyemHfT39zN16lTcbjc5OTn4/X46\nOjpwuVwAuN1u62uOI5EIKSkpVl+Px0MkEiESieD1eq12r9dLJBKJ7QhFRGRIxXTy/pxzzsHhcFiP\nzv/8889j3sFZZ53F7t27+fTTTykoKCAUCn3lEfz2f2HYiuN+zvnyJSIix4RCIUKhUFw+O6ZgKSkp\n4e677+aTTz7h0Ucfpaqqip/+9KeD2tH48eMpLCxk165duFwua9YSjUaZOHEiMDBDaWtrs/q0t7fj\n8XhO2n5yKwZVm4jIWJOTk0NOTo61XV5ebttnx7QU9qtf/Yo5c+Zwyy23sHfvXn73u99xzz33nLbf\nRx99ZF3xdejQIZ577jmmTp1KUVER1dXVAGzYsIHi4mIAioqKqKmpoa+vj9bWVlpaWggEArjdbpxO\nJ+FwGGMMGzdutPqIiMjwctoZy9GjR8nLy+OFF15gxowZg/rwDz74gLKyMowx9Pf3s3DhQm688Uam\nTp1KSUkJVVVVpKamWk9K9vv9lJSU4Pf7SU5OZt26ddYyWWVlJYsWLaK3t5fCwkJmzpx5BocrIiLx\nFtMjXW688UaefPJJnE7nUNT0jeiRLqBHuojIYA35043HjRvH5MmTmTFjhnVlGMCaNWtsKUJEREaP\nmILl5ptv5uabb453LSIiMgqccins/fff55JLLhnKer4xLYWBlsJEZLCG7OnGN910k/XzLbfcYssO\nRURkdDtlsByfXvv27Yt7MSIiMvKdMliOvyPe/rvjRURkNDrlyfs33niD8ePHY4zh0KFDjB8/HhiY\nyTgcDj799NMhKVIG69yE/4+Ay5VKNLo/oTWISGKcMliOHj06VHWIrb4gsRcPQEeHZrgiY1XM38ci\nIiISCwWLiIjYSsEiIiK2UrCIiIitFCwiImIrBYuIiNhKwSIiIrZSsIiIiK0ULCIiYisFi4iI2ErB\nIiIitlKwiIiIrRQsIiJiKwWLiIjYSsEiIiK2imuwtLe3k5uby6RJk5g8eTJr1qwBoKuri/z8fDIy\nMigoKKC7u9vqEwwG8fl8ZGZm0tDQYLU3NjaSlZVFeno6y5Yti2fZIiLyDcQ1WJKSknjkkUd4++23\nefnll6msrOSdd96hoqKCvLw89u7dS25uLsFgEIA9e/ZQW1tLU1MT9fX1LFmyBGMGvrBq8eLFrF+/\nnubmZpqbm9m6dWs8SxcRkTMU12Bxu91MmTIFgHHjxpGZmUl7eztbtmyhrKwMgLKyMjZv3gxAXV0d\n8+bNIykpibS0NHw+H+FwmGg0Sk9PD9nZ2QCUlpZafUREZHgZsnMs+/fv5/XXX+e6666jo6MDl8sF\nDIRPZ2cnAJFIhJSUFKuPx+MhEokQiUTwer1Wu9frJRKJDFXpIiIyCKf8znu7fPbZZ8yZM4fVq1cz\nbtw4HI4Tvw/9f7e/uRXH/Zzz5UtERI4JhUKEQqG4fHbcg+XIkSPMmTOHhQsXUlxcDIDL5bJmLdFo\nlIkTJwIDM5S2tjarb3t7Ox6P56TtJ7ciHociIjJq5OTkkJOTY22Xl5fb9tlxXwq7/fbb8fv9LF26\n1GorKiqiuroagA0bNliBU1RURE1NDX19fbS2ttLS0kIgEMDtduN0OgmHwxhj2Lhxo9VHRESGF4c5\ndtlVHOzYsYMbbriByZMn43A4cDgcrFy5kkAgQElJCW1tbaSmplJbW8t3vvMdYOBy4/Xr15OcnMzq\n1avJz88H4LXXXmPRokX09vZSWFjI6tWrv/6AHA4gbod0Wk5ngO7uVxNaAyR2DI7VEMc/LRGxmcNh\n37/ZuAZLIihYQMEiIoNlZ7DoznsREbGVgkVERGylYBEREVspWERExFYKFhERsZWCRUREbDUkj3SR\nsejcODyqZ3BcrlSi0f0JrUFkLFKwSJx8QaLvpenoSGywiYxVWgoTERFbKVhERMRWChYREbGVgkVE\nRGylYBEREVspWERExFYKFhERsZWCRUREbKVgERERWylYRETEVgoWERGxlYJFRERspWARERFbKVhE\nRMRWChYREbFVXIPljjvuwOVykZWVZbV1dXWRn59PRkYGBQUFdHd3W78LBoP4fD4yMzNpaGiw2hsb\nG8nKyiI9PZ1ly5bFs2QREfmG4host912G1u3bj2hraKigry8PPbu3Utubi7BYBCAPXv2UFtbS1NT\nE/X19SxZsgRjBr4oavHixaxfv57m5maam5u/8pkiIjJ8xDVYrr/+eiZMmHBC25YtWygrKwOgrKyM\nzZs3A1BXV8e8efNISkoiLS0Nn89HOBwmGo3S09NDdnY2AKWlpVYfEREZfob8HEtnZyculwsAt9tN\nZ2cnAJFIhJSUFOt9Ho+HSCRCJBLB6/Va7V6vl0gkMrRFi4hIzBL+nfcORzy+l3zFcT/nfPmSsefc\nOP19xcblSiUa3Z+w/YucSigUIhQKxeWzhzxYXC4XHR0duFwuotEoEydOBAZmKG1tbdb72tvb8Xg8\nJ20/tRVxqFxGni8Ak7C9d3QkLtRETicnJ4ecnBxru7y83LbPjvtSmDHGOgkPUFRURHV1NQAbNmyg\nuLjYaq+pqaGvr4/W1lZaWloIBAK43W6cTifhcBhjDBs3brT6iIjI8BPXGcv8+fMJhUJ8/PHHXHLJ\nJZSXl/Pggw8yd+5cqqqqSE1Npba2FgC/309JSQl+v5/k5GTWrVtnLWNUVlayaNEient7KSwsZObM\nmfEsW0REvgGHOX46MQoMhFHiDsnpDNDd/WpCa4DEjoFq+O/+R9k/LxnFHA77/l51572IiNhKwSIi\nIrZSsIiIiK0ULCIiYisFi4iI2ErBIiIitkr4I11ERq/EPlIG9FgZSQwFi0jcJPaRMqDHykhiaClM\nRERspWARERFbKVhERMRWChYREbGVgkVERGylYBEREVspWERExFa6j0VkVNNNmjL0FCwio5pu0pSh\np6UwERGxlYJFRERspWARERFbKVhERMRWOnkvInGW2CvTdFXa0BtRM5Znn32WK6+8kvT0dFatWpXo\nckQkJseuTEvMq6MjisPhSOjL7U6L/zAPIyMmWPr7+/nFL37B1q1befvtt9m0aRPvvPNOossa5kKJ\nLmAYCSW6gGEklOgChtipgu2FU/zOznB7L/6HOYyMmGAJh8P4fD5SU1NJTk5m3rx5bNmyJdFlDXOh\nRBcwjIQSXcAwEkp0AcNIKNEFjEojJlgikQgpKSnWttfrJRKJJLAiERH5OqPy5P348bMStu9Dh5oT\ntm8RGa7G1qN1RkyweDwe3n//fWu7vb0dj8fzte/99NP/N1RlnUKiH2NxbP/lw6CGRDq+hkSMxXAb\ng2OGeiwSPQ6n2n8i/40MnY6O94Ys3BzGmMQ+SChGR48eJSMjg23btnHRRRcRCATYtGkTmZmZiS5N\nRESOM2JmLGeffTZr164lPz+f/v5+7rjjDoWKiMgwNGJmLCIiMjKMmKvCTmes3TzZ3t5Obm4ukyZN\nYvLkyaxZswaArq4u8vPzycjIoKCggO7ubqtPMBjE5/ORmZlJQ0NDokqPi/7+fqZNm0ZRUREwdscB\noLu7m7lz55KZmcmkSZPYuXPnmB2PYDDIpEmTyMrKYsGCBfT19Y2ZsbjjjjtwuVxkZWVZbWdy7I2N\njWRlZZGens6yZcti27kZBY4ePWouv/xys3//ftPX12euvvpq09TUlOiy4uqDDz4wu3fvNsYY09PT\nY9LT001TU5O5//77zapVq4wxxlRUVJgHHnjAGGPM22+/baZMmWIOHz5sWltbzeWXX276+/sTVr/d\nHnnkEbNgwQIza9YsY4wZs+NgjDFlZWWmqqrKGGPM4cOHzSeffDImx2P//v3m0ksvNV988YUxxpiS\nkhJTXV09ZsbixRdfNLt37zaTJ0+22s7k2AOBgAmHw8YYY374wx+aZ5999rT7HhXB8vLLL5uZM2da\n28Fg0FRUVCSwoqFXXFxsnnvuOZORkWGi0agxZiB8MjIyjDFfHZOZM2eaV155JSG12q2trc3k5eWZ\nF154wQqWsTgOxhjT3d1tLrvssq+0j8XxOHDggMnIyDAHDhwwhw8fNrNmzRpz/0b2799/QrAM9tg/\n+OADk5mZabVv2rTJ/OxnPzvtfkfFUthYv3ly//79vP7661x33XV0dHTgcrkAcLvddHZ2Al8dI4/H\nM2rGaPny5Tz88MMnXEo5FscBoLW1lQsvvJDbbruNadOmcdddd3Hw4MExOR4TJkzgvvvu45JLLsHj\n8eB0OsnLyxuTY3FMZ2fnoI49Eong9Xqt9lj/2zoqgmUs++yzz5gzZw6rV69m3LhxX7lOPdE3ZcXb\n008/jcvlYsqUKZhTXIcy2sfhmCNHjtDY2MjPf/5zGhsbOf/886moqBhzfxcA+/bt449//CPvvfce\n//nPf/j888954oknxuRYnEy8jn1UBMtgbp4cTY4cOcKcOXNYuHAhxcXFALhcLjo6OgCIRqNMnDgR\nGBijtrY2q+9oGaMdO3ZQV1fHZZddxq233sr27dtZuHAhbrd7TI3DMV6vl5SUFKZPnw7ALbfcQmNj\n45j7uwDYtWsX3//+97ngggs4++yzmT17Ni+99NKYHItjBnvsZzomoyJYsrOzaWlp4b333qOvr4+a\nmhrr6qDR7Pbbb8fv97N06VKrraioiOrqagA2bNhgBU5RURE1NTX09fXR2tpKS0sLgUAgEWXbauXK\nlbz//vvs27ePmpoacnNzefzxx5k1a9aYGodjXC4XKSkpNDcPPFpo27ZtTJo0acz9XQBkZGTwyiuv\n0NvbizGGbdu24ff7x9RYmIHz6Nb2YI/d7XbjdDoJh8MYY9i4caPV53Q7HhXq6+tNenq6ueKKK0ww\nGEx0OXH3r3/9y5x11lnm6quvNlOmTDFTp0419fX15uOPPzY33nijSU9PNzNmzDBdXV1Wn5UrV5rL\nL7/cXHnllWbr1q0JrD4+QqGQdfJ+LI/D66+/bqZPn26uvvpqM3v2bPPJJ5+M2fH4wx/+YPx+v5k8\nebIpLS01fX19Y2Ysbr31VnPRRReZc845x6SkpJiqqipz4MCBQR/7rl27zFVXXWWuuOIKc++998a0\nb90gKSIithoVS2EiIjJ8KFhERMRWChYREbGVgkVERGylYBEREVspWERExFYKFhERsZWCRUREbPX/\nAfEV6dp78XvnAAAAAElFTkSuQmCC\n",
      "text/plain": [
       "<matplotlib.figure.Figure at 0x7f5e9ff28e80>"
      ]
     },
     "metadata": {},
     "output_type": "display_data"
    }
   ],
   "source": [
    "import matplotlib.pyplot as plt\n",
    "%matplotlib inline\n",
    "\n",
    "bike_rentals['cnt'].plot.hist()\n",
    "plt.show()"
   ]
  },
  {
   "cell_type": "markdown",
   "metadata": {},
   "source": [
    "Let us find how the features are correlated to each other"
   ]
  },
  {
   "cell_type": "code",
   "execution_count": 6,
   "metadata": {
    "collapsed": false
   },
   "outputs": [
    {
     "data": {
      "text/html": [
       "<div>\n",
       "<style scoped>\n",
       "    .dataframe tbody tr th:only-of-type {\n",
       "        vertical-align: middle;\n",
       "    }\n",
       "\n",
       "    .dataframe tbody tr th {\n",
       "        vertical-align: top;\n",
       "    }\n",
       "\n",
       "    .dataframe thead th {\n",
       "        text-align: right;\n",
       "    }\n",
       "</style>\n",
       "<table border=\"1\" class=\"dataframe\">\n",
       "  <thead>\n",
       "    <tr style=\"text-align: right;\">\n",
       "      <th></th>\n",
       "      <th>instant</th>\n",
       "      <th>season</th>\n",
       "      <th>yr</th>\n",
       "      <th>mnth</th>\n",
       "      <th>hr</th>\n",
       "      <th>holiday</th>\n",
       "      <th>weekday</th>\n",
       "      <th>workingday</th>\n",
       "      <th>weathersit</th>\n",
       "      <th>temp</th>\n",
       "      <th>atemp</th>\n",
       "      <th>hum</th>\n",
       "      <th>windspeed</th>\n",
       "      <th>casual</th>\n",
       "      <th>registered</th>\n",
       "      <th>cnt</th>\n",
       "    </tr>\n",
       "  </thead>\n",
       "  <tbody>\n",
       "    <tr>\n",
       "      <th>instant</th>\n",
       "      <td>1.000000</td>\n",
       "      <td>0.404046</td>\n",
       "      <td>0.866014</td>\n",
       "      <td>0.489164</td>\n",
       "      <td>-0.004775</td>\n",
       "      <td>0.014723</td>\n",
       "      <td>0.001357</td>\n",
       "      <td>-0.003416</td>\n",
       "      <td>-0.014198</td>\n",
       "      <td>0.136178</td>\n",
       "      <td>0.137615</td>\n",
       "      <td>0.009577</td>\n",
       "      <td>-0.074505</td>\n",
       "      <td>0.158295</td>\n",
       "      <td>0.282046</td>\n",
       "      <td>0.278379</td>\n",
       "    </tr>\n",
       "    <tr>\n",
       "      <th>season</th>\n",
       "      <td>0.404046</td>\n",
       "      <td>1.000000</td>\n",
       "      <td>-0.010742</td>\n",
       "      <td>0.830386</td>\n",
       "      <td>-0.006117</td>\n",
       "      <td>-0.009585</td>\n",
       "      <td>-0.002335</td>\n",
       "      <td>0.013743</td>\n",
       "      <td>-0.014524</td>\n",
       "      <td>0.312025</td>\n",
       "      <td>0.319380</td>\n",
       "      <td>0.150625</td>\n",
       "      <td>-0.149773</td>\n",
       "      <td>0.120206</td>\n",
       "      <td>0.174226</td>\n",
       "      <td>0.178056</td>\n",
       "    </tr>\n",
       "    <tr>\n",
       "      <th>yr</th>\n",
       "      <td>0.866014</td>\n",
       "      <td>-0.010742</td>\n",
       "      <td>1.000000</td>\n",
       "      <td>-0.010473</td>\n",
       "      <td>-0.003867</td>\n",
       "      <td>0.006692</td>\n",
       "      <td>-0.004485</td>\n",
       "      <td>-0.002196</td>\n",
       "      <td>-0.019157</td>\n",
       "      <td>0.040913</td>\n",
       "      <td>0.039222</td>\n",
       "      <td>-0.083546</td>\n",
       "      <td>-0.008740</td>\n",
       "      <td>0.142779</td>\n",
       "      <td>0.253684</td>\n",
       "      <td>0.250495</td>\n",
       "    </tr>\n",
       "    <tr>\n",
       "      <th>mnth</th>\n",
       "      <td>0.489164</td>\n",
       "      <td>0.830386</td>\n",
       "      <td>-0.010473</td>\n",
       "      <td>1.000000</td>\n",
       "      <td>-0.005772</td>\n",
       "      <td>0.018430</td>\n",
       "      <td>0.010400</td>\n",
       "      <td>-0.003477</td>\n",
       "      <td>0.005400</td>\n",
       "      <td>0.201691</td>\n",
       "      <td>0.208096</td>\n",
       "      <td>0.164411</td>\n",
       "      <td>-0.135386</td>\n",
       "      <td>0.068457</td>\n",
       "      <td>0.122273</td>\n",
       "      <td>0.120638</td>\n",
       "    </tr>\n",
       "    <tr>\n",
       "      <th>hr</th>\n",
       "      <td>-0.004775</td>\n",
       "      <td>-0.006117</td>\n",
       "      <td>-0.003867</td>\n",
       "      <td>-0.005772</td>\n",
       "      <td>1.000000</td>\n",
       "      <td>0.000479</td>\n",
       "      <td>-0.003498</td>\n",
       "      <td>0.002285</td>\n",
       "      <td>-0.020203</td>\n",
       "      <td>0.137603</td>\n",
       "      <td>0.133750</td>\n",
       "      <td>-0.276498</td>\n",
       "      <td>0.137252</td>\n",
       "      <td>0.301202</td>\n",
       "      <td>0.374141</td>\n",
       "      <td>0.394071</td>\n",
       "    </tr>\n",
       "    <tr>\n",
       "      <th>holiday</th>\n",
       "      <td>0.014723</td>\n",
       "      <td>-0.009585</td>\n",
       "      <td>0.006692</td>\n",
       "      <td>0.018430</td>\n",
       "      <td>0.000479</td>\n",
       "      <td>1.000000</td>\n",
       "      <td>-0.102088</td>\n",
       "      <td>-0.252471</td>\n",
       "      <td>-0.017036</td>\n",
       "      <td>-0.027340</td>\n",
       "      <td>-0.030973</td>\n",
       "      <td>-0.010588</td>\n",
       "      <td>0.003988</td>\n",
       "      <td>0.031564</td>\n",
       "      <td>-0.047345</td>\n",
       "      <td>-0.030927</td>\n",
       "    </tr>\n",
       "    <tr>\n",
       "      <th>weekday</th>\n",
       "      <td>0.001357</td>\n",
       "      <td>-0.002335</td>\n",
       "      <td>-0.004485</td>\n",
       "      <td>0.010400</td>\n",
       "      <td>-0.003498</td>\n",
       "      <td>-0.102088</td>\n",
       "      <td>1.000000</td>\n",
       "      <td>0.035955</td>\n",
       "      <td>0.003311</td>\n",
       "      <td>-0.001795</td>\n",
       "      <td>-0.008821</td>\n",
       "      <td>-0.037158</td>\n",
       "      <td>0.011502</td>\n",
       "      <td>0.032721</td>\n",
       "      <td>0.021578</td>\n",
       "      <td>0.026900</td>\n",
       "    </tr>\n",
       "    <tr>\n",
       "      <th>workingday</th>\n",
       "      <td>-0.003416</td>\n",
       "      <td>0.013743</td>\n",
       "      <td>-0.002196</td>\n",
       "      <td>-0.003477</td>\n",
       "      <td>0.002285</td>\n",
       "      <td>-0.252471</td>\n",
       "      <td>0.035955</td>\n",
       "      <td>1.000000</td>\n",
       "      <td>0.044672</td>\n",
       "      <td>0.055390</td>\n",
       "      <td>0.054667</td>\n",
       "      <td>0.015688</td>\n",
       "      <td>-0.011830</td>\n",
       "      <td>-0.300942</td>\n",
       "      <td>0.134326</td>\n",
       "      <td>0.030284</td>\n",
       "    </tr>\n",
       "    <tr>\n",
       "      <th>weathersit</th>\n",
       "      <td>-0.014198</td>\n",
       "      <td>-0.014524</td>\n",
       "      <td>-0.019157</td>\n",
       "      <td>0.005400</td>\n",
       "      <td>-0.020203</td>\n",
       "      <td>-0.017036</td>\n",
       "      <td>0.003311</td>\n",
       "      <td>0.044672</td>\n",
       "      <td>1.000000</td>\n",
       "      <td>-0.102640</td>\n",
       "      <td>-0.105563</td>\n",
       "      <td>0.418130</td>\n",
       "      <td>0.026226</td>\n",
       "      <td>-0.152628</td>\n",
       "      <td>-0.120966</td>\n",
       "      <td>-0.142426</td>\n",
       "    </tr>\n",
       "    <tr>\n",
       "      <th>temp</th>\n",
       "      <td>0.136178</td>\n",
       "      <td>0.312025</td>\n",
       "      <td>0.040913</td>\n",
       "      <td>0.201691</td>\n",
       "      <td>0.137603</td>\n",
       "      <td>-0.027340</td>\n",
       "      <td>-0.001795</td>\n",
       "      <td>0.055390</td>\n",
       "      <td>-0.102640</td>\n",
       "      <td>1.000000</td>\n",
       "      <td>0.987672</td>\n",
       "      <td>-0.069881</td>\n",
       "      <td>-0.023125</td>\n",
       "      <td>0.459616</td>\n",
       "      <td>0.335361</td>\n",
       "      <td>0.404772</td>\n",
       "    </tr>\n",
       "    <tr>\n",
       "      <th>atemp</th>\n",
       "      <td>0.137615</td>\n",
       "      <td>0.319380</td>\n",
       "      <td>0.039222</td>\n",
       "      <td>0.208096</td>\n",
       "      <td>0.133750</td>\n",
       "      <td>-0.030973</td>\n",
       "      <td>-0.008821</td>\n",
       "      <td>0.054667</td>\n",
       "      <td>-0.105563</td>\n",
       "      <td>0.987672</td>\n",
       "      <td>1.000000</td>\n",
       "      <td>-0.051918</td>\n",
       "      <td>-0.062336</td>\n",
       "      <td>0.454080</td>\n",
       "      <td>0.332559</td>\n",
       "      <td>0.400929</td>\n",
       "    </tr>\n",
       "    <tr>\n",
       "      <th>hum</th>\n",
       "      <td>0.009577</td>\n",
       "      <td>0.150625</td>\n",
       "      <td>-0.083546</td>\n",
       "      <td>0.164411</td>\n",
       "      <td>-0.276498</td>\n",
       "      <td>-0.010588</td>\n",
       "      <td>-0.037158</td>\n",
       "      <td>0.015688</td>\n",
       "      <td>0.418130</td>\n",
       "      <td>-0.069881</td>\n",
       "      <td>-0.051918</td>\n",
       "      <td>1.000000</td>\n",
       "      <td>-0.290105</td>\n",
       "      <td>-0.347028</td>\n",
       "      <td>-0.273933</td>\n",
       "      <td>-0.322911</td>\n",
       "    </tr>\n",
       "    <tr>\n",
       "      <th>windspeed</th>\n",
       "      <td>-0.074505</td>\n",
       "      <td>-0.149773</td>\n",
       "      <td>-0.008740</td>\n",
       "      <td>-0.135386</td>\n",
       "      <td>0.137252</td>\n",
       "      <td>0.003988</td>\n",
       "      <td>0.011502</td>\n",
       "      <td>-0.011830</td>\n",
       "      <td>0.026226</td>\n",
       "      <td>-0.023125</td>\n",
       "      <td>-0.062336</td>\n",
       "      <td>-0.290105</td>\n",
       "      <td>1.000000</td>\n",
       "      <td>0.090287</td>\n",
       "      <td>0.082321</td>\n",
       "      <td>0.093234</td>\n",
       "    </tr>\n",
       "    <tr>\n",
       "      <th>casual</th>\n",
       "      <td>0.158295</td>\n",
       "      <td>0.120206</td>\n",
       "      <td>0.142779</td>\n",
       "      <td>0.068457</td>\n",
       "      <td>0.301202</td>\n",
       "      <td>0.031564</td>\n",
       "      <td>0.032721</td>\n",
       "      <td>-0.300942</td>\n",
       "      <td>-0.152628</td>\n",
       "      <td>0.459616</td>\n",
       "      <td>0.454080</td>\n",
       "      <td>-0.347028</td>\n",
       "      <td>0.090287</td>\n",
       "      <td>1.000000</td>\n",
       "      <td>0.506618</td>\n",
       "      <td>0.694564</td>\n",
       "    </tr>\n",
       "    <tr>\n",
       "      <th>registered</th>\n",
       "      <td>0.282046</td>\n",
       "      <td>0.174226</td>\n",
       "      <td>0.253684</td>\n",
       "      <td>0.122273</td>\n",
       "      <td>0.374141</td>\n",
       "      <td>-0.047345</td>\n",
       "      <td>0.021578</td>\n",
       "      <td>0.134326</td>\n",
       "      <td>-0.120966</td>\n",
       "      <td>0.335361</td>\n",
       "      <td>0.332559</td>\n",
       "      <td>-0.273933</td>\n",
       "      <td>0.082321</td>\n",
       "      <td>0.506618</td>\n",
       "      <td>1.000000</td>\n",
       "      <td>0.972151</td>\n",
       "    </tr>\n",
       "    <tr>\n",
       "      <th>cnt</th>\n",
       "      <td>0.278379</td>\n",
       "      <td>0.178056</td>\n",
       "      <td>0.250495</td>\n",
       "      <td>0.120638</td>\n",
       "      <td>0.394071</td>\n",
       "      <td>-0.030927</td>\n",
       "      <td>0.026900</td>\n",
       "      <td>0.030284</td>\n",
       "      <td>-0.142426</td>\n",
       "      <td>0.404772</td>\n",
       "      <td>0.400929</td>\n",
       "      <td>-0.322911</td>\n",
       "      <td>0.093234</td>\n",
       "      <td>0.694564</td>\n",
       "      <td>0.972151</td>\n",
       "      <td>1.000000</td>\n",
       "    </tr>\n",
       "  </tbody>\n",
       "</table>\n",
       "</div>"
      ],
      "text/plain": [
       "             instant    season        yr      mnth        hr   holiday  \\\n",
       "instant     1.000000  0.404046  0.866014  0.489164 -0.004775  0.014723   \n",
       "season      0.404046  1.000000 -0.010742  0.830386 -0.006117 -0.009585   \n",
       "yr          0.866014 -0.010742  1.000000 -0.010473 -0.003867  0.006692   \n",
       "mnth        0.489164  0.830386 -0.010473  1.000000 -0.005772  0.018430   \n",
       "hr         -0.004775 -0.006117 -0.003867 -0.005772  1.000000  0.000479   \n",
       "holiday     0.014723 -0.009585  0.006692  0.018430  0.000479  1.000000   \n",
       "weekday     0.001357 -0.002335 -0.004485  0.010400 -0.003498 -0.102088   \n",
       "workingday -0.003416  0.013743 -0.002196 -0.003477  0.002285 -0.252471   \n",
       "weathersit -0.014198 -0.014524 -0.019157  0.005400 -0.020203 -0.017036   \n",
       "temp        0.136178  0.312025  0.040913  0.201691  0.137603 -0.027340   \n",
       "atemp       0.137615  0.319380  0.039222  0.208096  0.133750 -0.030973   \n",
       "hum         0.009577  0.150625 -0.083546  0.164411 -0.276498 -0.010588   \n",
       "windspeed  -0.074505 -0.149773 -0.008740 -0.135386  0.137252  0.003988   \n",
       "casual      0.158295  0.120206  0.142779  0.068457  0.301202  0.031564   \n",
       "registered  0.282046  0.174226  0.253684  0.122273  0.374141 -0.047345   \n",
       "cnt         0.278379  0.178056  0.250495  0.120638  0.394071 -0.030927   \n",
       "\n",
       "             weekday  workingday  weathersit      temp     atemp       hum  \\\n",
       "instant     0.001357   -0.003416   -0.014198  0.136178  0.137615  0.009577   \n",
       "season     -0.002335    0.013743   -0.014524  0.312025  0.319380  0.150625   \n",
       "yr         -0.004485   -0.002196   -0.019157  0.040913  0.039222 -0.083546   \n",
       "mnth        0.010400   -0.003477    0.005400  0.201691  0.208096  0.164411   \n",
       "hr         -0.003498    0.002285   -0.020203  0.137603  0.133750 -0.276498   \n",
       "holiday    -0.102088   -0.252471   -0.017036 -0.027340 -0.030973 -0.010588   \n",
       "weekday     1.000000    0.035955    0.003311 -0.001795 -0.008821 -0.037158   \n",
       "workingday  0.035955    1.000000    0.044672  0.055390  0.054667  0.015688   \n",
       "weathersit  0.003311    0.044672    1.000000 -0.102640 -0.105563  0.418130   \n",
       "temp       -0.001795    0.055390   -0.102640  1.000000  0.987672 -0.069881   \n",
       "atemp      -0.008821    0.054667   -0.105563  0.987672  1.000000 -0.051918   \n",
       "hum        -0.037158    0.015688    0.418130 -0.069881 -0.051918  1.000000   \n",
       "windspeed   0.011502   -0.011830    0.026226 -0.023125 -0.062336 -0.290105   \n",
       "casual      0.032721   -0.300942   -0.152628  0.459616  0.454080 -0.347028   \n",
       "registered  0.021578    0.134326   -0.120966  0.335361  0.332559 -0.273933   \n",
       "cnt         0.026900    0.030284   -0.142426  0.404772  0.400929 -0.322911   \n",
       "\n",
       "            windspeed    casual  registered       cnt  \n",
       "instant     -0.074505  0.158295    0.282046  0.278379  \n",
       "season      -0.149773  0.120206    0.174226  0.178056  \n",
       "yr          -0.008740  0.142779    0.253684  0.250495  \n",
       "mnth        -0.135386  0.068457    0.122273  0.120638  \n",
       "hr           0.137252  0.301202    0.374141  0.394071  \n",
       "holiday      0.003988  0.031564   -0.047345 -0.030927  \n",
       "weekday      0.011502  0.032721    0.021578  0.026900  \n",
       "workingday  -0.011830 -0.300942    0.134326  0.030284  \n",
       "weathersit   0.026226 -0.152628   -0.120966 -0.142426  \n",
       "temp        -0.023125  0.459616    0.335361  0.404772  \n",
       "atemp       -0.062336  0.454080    0.332559  0.400929  \n",
       "hum         -0.290105 -0.347028   -0.273933 -0.322911  \n",
       "windspeed    1.000000  0.090287    0.082321  0.093234  \n",
       "casual       0.090287  1.000000    0.506618  0.694564  \n",
       "registered   0.082321  0.506618    1.000000  0.972151  \n",
       "cnt          0.093234  0.694564    0.972151  1.000000  "
      ]
     },
     "execution_count": 6,
     "metadata": {},
     "output_type": "execute_result"
    }
   ],
   "source": [
    "bike_rentals.corr()"
   ]
  },
  {
   "cell_type": "markdown",
   "metadata": {},
   "source": [
    "# Segment hours into times of the day"
   ]
  },
  {
   "cell_type": "markdown",
   "metadata": {},
   "source": [
    "Features can enhance the accuracy of models by introducing new information or distilling existing information. For the hr column contains the hours during which bikes are rented, from 1 to 24. Lets us create a new column with labels for morning, afternoon, evening, and night. Bundling similar times together, enables the model to make better decisions."
   ]
  },
  {
   "cell_type": "code",
   "execution_count": 7,
   "metadata": {
    "collapsed": true
   },
   "outputs": [],
   "source": [
    "def assign_label(hour):\n",
    "    if hour >= 6 and hour < 12:\n",
    "        return 1\n",
    "    elif hour >= 12 and hour < 18:\n",
    "        return 2\n",
    "    elif hour >= 18 and hour < 24:\n",
    "        return 3\n",
    "    elif hour >= 0 and hour < 6:\n",
    "        return 4"
   ]
  },
  {
   "cell_type": "code",
   "execution_count": 8,
   "metadata": {
    "collapsed": true
   },
   "outputs": [],
   "source": [
    "bike_rentals[\"time_label\"]= bike_rentals['hr'].apply(assign_label)"
   ]
  },
  {
   "cell_type": "code",
   "execution_count": 9,
   "metadata": {
    "collapsed": false
   },
   "outputs": [
    {
     "data": {
      "text/plain": [
       "2    4375\n",
       "3    4368\n",
       "1    4360\n",
       "4    4276\n",
       "Name: time_label, dtype: int64"
      ]
     },
     "execution_count": 9,
     "metadata": {},
     "output_type": "execute_result"
    }
   ],
   "source": [
    "bike_rentals[\"time_label\"].value_counts()"
   ]
  },
  {
   "cell_type": "markdown",
   "metadata": {},
   "source": [
    "Let us split the data into training and testing datasets. To enable us to train an algorithm using the training set, and evaluate its accuracy on the testing set. We will be using sample()."
   ]
  },
  {
   "cell_type": "code",
   "execution_count": 11,
   "metadata": {
    "collapsed": false
   },
   "outputs": [],
   "source": [
    "train = bike_rentals.sample(frac=0.8, random_state=1)"
   ]
  },
  {
   "cell_type": "code",
   "execution_count": 12,
   "metadata": {
    "collapsed": true
   },
   "outputs": [],
   "source": [
    "test = bike_rentals.loc[~bike_rentals.index.isin(train.index)]"
   ]
  },
  {
   "cell_type": "markdown",
   "metadata": {},
   "source": [
    "For our model trainin and testing we wil use linear regression, which will work fairly well on this data, given that many of the columns are highly linearly correlated with the target column 'cnt' and are independent."
   ]
  },
  {
   "cell_type": "code",
   "execution_count": 13,
   "metadata": {
    "collapsed": false
   },
   "outputs": [],
   "source": [
    "from sklearn.linear_model import LinearRegression"
   ]
  },
  {
   "cell_type": "code",
   "execution_count": 14,
   "metadata": {
    "collapsed": false
   },
   "outputs": [
    {
     "name": "stdout",
     "output_type": "stream",
     "text": [
      "Index(['instant', 'dteday', 'season', 'yr', 'mnth', 'hr', 'holiday', 'weekday',\n",
      "       'workingday', 'weathersit', 'temp', 'atemp', 'hum', 'windspeed',\n",
      "       'casual', 'registered', 'cnt', 'time_label'],\n",
      "      dtype='object')\n"
     ]
    }
   ],
   "source": [
    "print(train.columns)"
   ]
  },
  {
   "cell_type": "code",
   "execution_count": 24,
   "metadata": {
    "collapsed": true
   },
   "outputs": [],
   "source": [
    "features = ['instant', 'season', 'yr', 'mnth', 'hr', \n",
    "            'holiday', 'weekday','workingday', 'weathersit', \n",
    "            'temp', 'atemp', 'hum', 'windspeed']"
   ]
  },
  {
   "cell_type": "code",
   "execution_count": 25,
   "metadata": {
    "collapsed": true
   },
   "outputs": [],
   "source": [
    "target = 'cnt'"
   ]
  },
  {
   "cell_type": "code",
   "execution_count": 26,
   "metadata": {
    "collapsed": false
   },
   "outputs": [
    {
     "data": {
      "text/plain": [
       "LinearRegression(copy_X=True, fit_intercept=True, n_jobs=1, normalize=False)"
      ]
     },
     "execution_count": 26,
     "metadata": {},
     "output_type": "execute_result"
    }
   ],
   "source": [
    "lr = LinearRegression()\n",
    "lr.fit(train[features], train[target])"
   ]
  },
  {
   "cell_type": "code",
   "execution_count": 27,
   "metadata": {
    "collapsed": true
   },
   "outputs": [],
   "source": [
    "predictions =lr.predict(test[features])"
   ]
  },
  {
   "cell_type": "code",
   "execution_count": 33,
   "metadata": {
    "collapsed": false
   },
   "outputs": [
    {
     "name": "stdout",
     "output_type": "stream",
     "text": [
      "19580.734550455003 139.93117790705188\n"
     ]
    }
   ],
   "source": [
    "from sklearn.metrics import mean_squared_error\n",
    "import numpy as np\n",
    "\n",
    "mse = mean_squared_error(test[target], predictions)\n",
    "rmse = np.sqrt(mse)\n",
    "print(mse, rmse)"
   ]
  },
  {
   "cell_type": "markdown",
   "metadata": {},
   "source": [
    "conclude on mse ans rmse"
   ]
  },
  {
   "cell_type": "code",
   "execution_count": 35,
   "metadata": {
    "collapsed": false
   },
   "outputs": [
    {
     "data": {
      "text/plain": [
       "array([0.89857355, 0.91885465, 0.92188673, 0.92303655, 0.91723099,\n",
       "       0.91161171, 0.90790926, 0.91850444, 0.89892173, 0.91161612])"
      ]
     },
     "execution_count": 35,
     "metadata": {},
     "output_type": "execute_result"
    }
   ],
   "source": [
    "from sklearn.model_selection import cross_val_score\n",
    "from sklearn.tree import DecisionTreeRegressor\n",
    "\n",
    "dtr = DecisionTreeRegressor(min_samples_leaf =2, random_state=1)\n",
    "cross_val_score(dtr,train[features], train[target], cv=10)"
   ]
  },
  {
   "cell_type": "markdown",
   "metadata": {},
   "source": [
    "The models accuracy on the feature parameters is high. We need to be careful that it did not overfit."
   ]
  },
  {
   "cell_type": "code",
   "execution_count": 37,
   "metadata": {
    "collapsed": false
   },
   "outputs": [
    {
     "data": {
      "text/plain": [
       "RandomForestRegressor(bootstrap=True, criterion='mse', max_depth=2,\n",
       "           max_features='auto', max_leaf_nodes=None,\n",
       "           min_impurity_split=1e-07, min_samples_leaf=1,\n",
       "           min_samples_split=2, min_weight_fraction_leaf=0.0,\n",
       "           n_estimators=10, n_jobs=1, oob_score=False, random_state=0,\n",
       "           verbose=0, warm_start=False)"
      ]
     },
     "execution_count": 37,
     "metadata": {},
     "output_type": "execute_result"
    }
   ],
   "source": [
    "from sklearn.ensemble import RandomForestRegressor\n",
    "\n",
    "rfr = RandomForestRegressor(max_depth=2, random_state=0)\n",
    "rfr.fit(train[features], train[target])"
   ]
  },
  {
